New York
10022
10106
10020
10018
New York
10001
10011
United States
10003
3209
10013
10007
10006
10006
10004
10002
2811
10007
10038
10005
10019
10007
10458
11226
11226
11218
11226
11226
11226
11230
11230
11230
11229
11229
11229
11235
11235
11235
11201
11201
11217
11217
11215
11215
11215
11232
10012
11220
10022
11220
10075
10028
11209
11220
11219
11219
11204
11204
11204
11219
10019
11219
11375
10024
11214
11214
United States
11224
United States
10003
10040
11211
11211
11211
10017
11206
11237
11237
11237
11207
11207
11207
United States
United States
11212
United States
11236
11236
New York
11435
11211
11211
11206
11237
11221
11221
11207
11207
11207
11208
11208
11208
11208
11421
11421
11373
11417
11418
10314
11221
11237
11385
11385
11385
11379
10034
10040
10040
10040
10033
10032
10032
10031
10037
10035
10035
10025
10128
10024
New York
10036
10001
United States
10012
10013
10006
11201
United States
11217
11205
10013
11225
11216
11213
11233
11233
New York
11207
11207
11208
11208
11208
11416
11417
11233
11419
11417
11417
11693
11693
11694
11694
11694
11692
11692
11691
11691
11691
11691
10451
10452
10452
10453
10453
10457
10458
10458
10468
10467
10022
10022
11101
11101
11103
11104
11358
11377
United States
11372
11373
11374
11375
11375
11375
United States
11435
11435
11432
11432
11432
11101
11101
11222
11222
11106
11206
11205
11238
10020
10021
10012
10003
10002
11201
11201
11231
11231
11215
11215
11218
11230
11230
11230
11223
11224
10106
10065
10022
11101
11418
11435
New York
10021
10028
10128
10464
United States
07029
07306
07302
07302
07310
10018
10014
10011
10011
New York
11102
07030
10455
United States
07114
10007
10007
10007
10004
10038
10013
10014
10011
10023
10021
10025
10027
10031
10032
10040
10034
10034
10034
10463
10463
10471
10004
10013
10012
10003
10001
10017
10022
10021
10025
10451
10451
10452
10453
10453
10453
10467
10466
10017
10039
10455
10455
10459
10459
10459
10460
10460
10460
10462
10469
10467
10467
10467
10467
10034
10466
10466
10470
10454
10454
10454
10454
10451
10455
10474
10459
10472
10472
10472
10472
10462
10462
10461
10461
10461
10461
10022
11101
10474
11101
11101
11106
11102
11105
11105
11101
11104
11104
11377
11377
11377
11372
New York
11372
11368
11368
11368
11354
10001
11201
11201
11217
11238
11238
11213
11213
United States
11212
11212
11207
New York
11225
11225
11225
11226
11226
11210
10462
10469
10466
10301
10304
United States
10022
